Idnum Gender Marital Age Income Econ Conv Flex Safe Low Dep Q1 Q2 Q3 Q4 Q5 Q6 Q7 Q8 Q9 Q10 Q11 Q12 Q13 Q14 Q15 Q16 Q17 Q18 Q19 Q20
1 1 1 5 3 12 16 25 1 8 16 2 4 3 3 3 4 4 2 2 4 2 1 1 1 3 4 3 3 4 4
2 2 2 5 2 12 20 16 16 12 20 2 1 2 4 4 3 4 1 3 4 1 2 2 1 4 3 2 4 3 5
3 2 1 5 1 16 9 12 20 20 10 3 2 2 4 4 2 4 2 3 4 2 1 2 2 2 4 4 3 4 2
4 1 1 5 2 9 16 9 16 12 15 5 2 1 5 5 5 3 2 4 5 2 2 2 1 5 4 4 2 4 4
5 2 1 5 3 15 20 3 1 3 20 4 4 4 5 4 1 3 4 4 4 2 2 2 3 4 4 1 2 3 2
6 1 1 4 2 10 15 15 20 12 25 4 2 2 4 4 2 5 1 4 1 1 4 2 1 4 2 2 2 2 5
7 1 1 6 2 9 9 16 1 16 8 5 2 2 4 5 4 5 2 4 4 2 3 2 4 4 4 4 4 3 2
8 1 1 6 2 12 12 4 20 16 16 4 2 2 4 4 2 4 2 4 4 2 4 2 2 4 3 2 4 2 1
9 1 1 4 3 15 20 12 10 6 20 5 2 2 4 5 2 4 2 2 4 2 4 2 3 4 2 2 3 4 5
10 1 1 3 3 12 12 12 9 12 12 4 2 3 4 4 3 3 2 3 3 3 2 2 3 3 3 2 3 3 3
11 2 2 2 1 15 15 12 15 9 25 2 2 2 2 5 3 3 4 3 2 3 4 2 1 2 2 1 3 2 2
12 2 1 2 1 15 9 4 20 12 8 4 1 2 4 5 2 4 2 4 4 3 1 2 2 5 4 2 3 2 4
13 1 1 4 1 12 20 10 4 12 20 5 2 1 4 4 4 5 1 3 4 3 4 4 1 3 2 3 2 3 5
14 1 1 5 2 15 20 16 16 6 16 5 2 4 4 4 4 4 2 2 4 2 2 2 2 4 4 4 4 4 5
15 1 1 4 2 25 25 1 25 1 25 5 4 5 4 1 5 5 1 1 1 1 5 5 1 1 2 5 5 5 5
16 1 1 6 3 9 20 16 25 9 20 5 1 1 4 5 5 3 1 5 5 3 1 1 1 5 1 5 2 5 3
17 2 2 5 1 16 16 25 15 16 15 1 1 1 4 4 4 4 1 1 5 3 2 2 1 3 4 4 2 5 4
18 1 1 3 3 12 16 15 15 25 20 3 3 2 3 4 3 4 2 2 4 2 2 2 2 4 2 2 2 4 4
19 1 1 3 2 12 6 5 6 20 20 4 2 2 2 5 4 5 1 5 1 1 1 1 1 4 4 3 2 3 5
20 1 1 3 1 12 16 12 6 9 16 3 2 3 3 4 2 4 2 3 4 2 3 3 3 4 3 3 4 3 4
21 2 2 5 3 15 12 5 8 25 20 5 2 5 4 4 3 5 1 4 5 1 2 2 3 5 3 2 2 3 5
22 1 2 4 3 16 12 16 3 25 16 5 2 2 3 4 2 5 1 3 4 1 2 2 1 4 2 2 2 3 5
23 1 1 5 1 20 15 9 25 20 20 4 1 1 4 5 5 4 2 5 5 2 1 1 3 4 2 4 2 4 4
24 1 1 3 2 12 25 25 25 4 20 4 2 2 4 4 1 4 1 4 4 2 1 1 1 4 4 1 2 1 5
25 1 1 5 1 12 10 6 16 8 12 4 5 2 2 5 4 4 1 2 5 2 2 4 4 4 4 2 4 4 4
26 2 2 5 1 20 12 4 12 4 12 4 2 2 2 4 2 4 4 4 4 3 2 2 2 3 4 2 3 3 4
27 1 1 5 3 12 25 25 12 12 25 5 2 2 4 4 2 4 5 4 5 2 1 1 4 2 2 2 5 2 5
28 1 1 5 2 20 20 15 12 16 16 3 3 4 3 2 4 4 2 2 3 2 2 3 2 3 2 4 4 4 4
29 1 1 5 3 16 25 12 3 25 12 2 4 2 4 3 4 5 1 2 4 2 2 2 2 2 2 3 2 3 5
30 1 1 5 2 12 9 9 12 12 9 4 4 2 4 4 5 5 2 2 4 2 2 2 2 4 2 4 2 4 2
31 2 2 3 1 12 25 25 16 8 25 5 2 3 4 5 3 5 1 3 4 1 4 2 1 5 4 3 3 3 5
32 2 2 4 1 15 20 16 25 25 25 3 2 2 2 4 4 5 1 3 5 3 4 2 1 4 2 2 2 3 5
33 1 1 3 3 25 20 6 8 16 8 4 2 2 4 5 3 5 1 4 4 2 2 2 2 4 3 2 4 3 5
34 2 2 5 2 16 16 16 25 25 25 4 2 1 5 5 2 4 1 5 5 1 1 2 1 5 2 3 2 4 5
35 1 1 5 2 4 9 9 25 6 20 4 2 2 2 4 2 5 1 2 5 2 5 5 1 2 4 2 5 2 5
36 2 2 5 3 16 16 9 5 20 5 4 2 4 4 4 2 3 2 4 4 2 2 2 3 4 4 2 2 4 4
37 2 2 2 3 12 8 15 15 15 15 4 1 2 2 5 3 4 2 3 5 2 1 1 2 4 3 2 4 3 4
38 2 1 3 2 10 15 6 20 10 6 5 1 2 1 1 2 4 1 2 1 1 1 1 1 5 5 5 1 1 5
39 1 1 6 1 16 6 9 1 16 6 4 2 1 4 4 4 3 2 2 4 3 2 2 3 4 2 3 2 4 3
40 2 1 5 1 12 16 16 4 6 16 2 1 1 5 5 4 5 1 3 4 2 1 1 3 1 3 3 1 5 4
41 2 2 2 1 20 25 10 15 12 25 5 2 2 4 4 2 5 2 4 4 1 4 2 1 5 4 2 2 2 5
42 1 2 3 1 12 12 15 15 16 15 3 2 2 3 4 3 3 2 3 4 3 2 3 2 4 3 2 4 3 3
43 2 1 3 2 12 16 12 5 12 15 4 2 3 4 3 3 4 2 3 4 3 2 2 3 4 2 4 2 3 4
44 1 1 2 1 8 20 16 15 3 16 4 2 2 2 4 2 1 2 3 4 2 2 2 4 4 2 2 4 2 4
45 2 1 4 2 20 16 20 20 16 25 3 4 5 2 3 5 5 1 3 4 2 5 2 1 3 4 5 3 5 5
46 2 1 4 3 25 12 16 25 12 16 5 2 3 5 3 5 5 1 3 2 1 2 2 1 4 3 3 2 3 5
47 2 1 4 3 25 12 16 25 12 16 5 2 3 5 3 5 5 1 3 2 1 2 2 1 4 3 3 2 3 5
48 2 2 6 2 25 20 20 25 25 25 3 2 1 4 5 4 3 3 4 5 3 2 2 3 4 3 2 2 3 3
49 1 1 4 3 12 12 16 12 12 4 4 1 2 4 5 4 5 1 4 5 2 1 2 1 5 4 2 2 4 4
50 1 1 4 3 12 12 16 12 12 4 4 1 2 4 5 4 5 1 4 5 2 1 2 1 5 4 2 2 4 4
51 2 2 4 1 20 12 9 25 20 25 5 2 3 5 5 4 4 1 3 4 1 2 2 3 4 4 4 3 4 1
52 1 1 4 1 20 9 9 8 16 12 4 2 2 4 4 3 4 2 4 4 2 2 2 2 4 2 2 4 3 4
53 1 1 5 3 15 16 12 12 9 9 4 2 4 4 3 4 5 2 4 4 2 2 3 2 3 2 5 2 5 5
54 1 1 5 3 15 16 12 12 9 9 4 2 4 4 3 4 5 2 4 4 2 2 3 2 3 2 5 2 5 5
55 1 1 4 3 15 16 9 16 20 15 5 1 1 4 5 5 3 2 3 5 3 1 1 3 5 3 4 1 4 2
56 1 1 6 1 25 12 4 15 20 15 4 2 1 4 5 4 5 1 5 4 1 1 2 1 5 3 2 4 5 5
57 2 2 4 2 16 12 16 15 10 10 4 2 2 3 4 2 4 1 3 4 2 1 2 1 4 3 2 3 2 4
58 1 1 4 3 16 20 20 25 12 12 4 2 2 2 4 2 4 1 4 4 2 2 2 1 5 1 2 4 3 4
59 1 1 5 3 6 16 16 20 6 16 4 2 2 2 4 5 4 2 2 4 2 2 2 2 4 4 4 2 4 4
60 2 1 2 1 12 8 6 20 9 12 3 4 3 2 3 2 3 3 2 4 3 1 1 3 5 3 2 2 3 4
61 1 1 4 3 3 25 25 15 12 25 2 2 4 2 4 4 3 1 2 4 3 1 1 1 2 4 4 2 4 3
62 1 2 2 1 6 16 16 16 6 12 5 2 3 1 4 3 5 2 3 4 3 3 1 2 1 4 2 3 4 4
63 2 2 6 1 25 12 16 20 9 20 4 2 3 4 2 4 5 1 1 4 5 5 2 1 1 2 3 4 4 5
64 2 1 5 3 9 25 16 25 9 25 4 2 2 4 4 3 4 1 3 5 2 2 3 1 3 2 4 4 4 5
65 1 1 5 3 12 9 6 9 9 9 4 2 2 5 5 4 4 2 2 4 2 2 2 2 2 4 4 2 4 4
66 1 2 2 3 16 12 8 8 16 8 4 2 4 2 4 3 2 2 4 4 3 2 2 3 4 4 2 3 2 4
67 1 1 4 1 16 8 12 16 25 15 2 4 1 4 1 3 1 1 3 1 1 5 1 1 2 4 3 2 3 5
68 1 1 5 3 8 25 20 6 4 12 2 2 2 2 4 4 5 1 2 5 2 1 2 1 4 4 4 4 4 5
69 1 1 3 3 15 25 25 1 15 25 4 1 1 4 5 5 1 1 5 5 4 1 1 5 5 4 5 1 5 1
70 1 1 4 2 25 16 15 20 25 25 5 1 2 3 5 4 3 1 4 4 3 1 1 1 5 2 3 2 3 3
71 1 1 4 2 25 16 15 20 25 25 5 1 2 3 5 4 3 1 4 4 3 1 1 1 5 2 3 2 3 3
72 1 1 4 2 15 6 9 20 3 5 3 4 2 2 3 2 1 1 1 2 1 2 2 1 2 4 2 2 3 5
73 1 1 4 2 15 6 9 20 3 5 3 4 2 2 3 2 1 1 1 2 1 2 2 1 2 4 2 2 3 5
74 2 2 5 1 15 16 9 16 15 12 5 1 1 5 5 2 5 1 5 3 1 3 3 3 5 2 2 2 2 5
75 2 1 4 3 12 16 16 12 16 20 2 2 2 3 5 3 5 2 4 5 2 1 1 2 5 4 3 2 3 4
76 2 1 4 3 12 16 16 12 16 20 2 2 2 3 5 3 5 2 4 5 2 1 1 2 5 4 3 2 3 4
77 1 1 5 3 12 20 20 8 12 16 4 2 2 4 2 5 5 2 2 3 2 4 3 1 4 2 5 3 5 4
78 1 1 5 3 9 12 20 9 4 15 3 1 2 4 5 5 4 1 2 5 3 1 1 1 4 4 4 2 4 2
79 1 1 5 3 15 12 15 15 25 15 5 1 2 4 1 3 5 1 2 5 1 1 1 1 1 4 3 4 3 5
80 1 2 3 3 15 25 25 5 15 10 4 2 4 4 4 2 4 2 4 2 4 2 2 2 4 2 3 2 3 2
81 2 2 3 1 9 25 15 25 20 25 5 2 2 4 4 2 5 1 3 2 2 2 2 2 3 2 2 3 3 4
82 1 1 4 1 25 16 12 20 20 20 2 4 3 2 2 4 5 1 2 3 1 4 2 4 1 2 2 2 4 5
83 1 1 4 2 9 25 25 25 4 25 3 3 2 2 3 1 4 1 1 3 1 1 2 2 2 3 2 2 3 4
84 2 1 2 1 20 25 20 20 25 25 4 1 1 4 5 5 5 1 3 4 2 1 2 3 2 3 4 2 4 4
85 1 1 5 3 4 16 12 1 4 16 4 1 1 4 5 5 5 1 5 2 4 4 2 4 5 4 4 2 4 5
86 1 1 5 3 4 16 12 1 4 16 4 1 1 4 5 5 5 1 5 2 4 4 2 4 5 4 4 2 4 5
87 2 1 3 2 16 12 6 12 4 9 4 1 3 4 5 3 5 1 2 2 1 5 2 1 2 2 2 4 3 5
88 1 2 2 3 20 16 15 16 20 12 4 2 2 2 4 4 5 2 2 4 2 2 2 2 4 3 3 2 3 4
89 1 2 3 1 12 12 10 12 12 20 5 1 2 4 4 2 4 1 2 4 1 1 2 1 4 2 2 2 2 1
90 2 2 2 2 25 20 25 20 25 25 4 1 2 4 4 2 5 3 4 3 3 4 2 3 4 4 2 2 2 3
91 2 1 3 3 10 12 16 1 20 12 4 1 1 5 5 2 4 1 4 3 3 1 1 2 5 3 2 1 4 4
92 2 1 2 1 20 12 16 5 15 20 2 2 2 4 4 2 4 2 2 4 2 4 2 2 2 4 4 2 4 4
93 1 1 5 3 3 16 20 16 6 20 4 2 2 4 4 4 4 2 3 4 2 2 2 2 4 4 4 2 4 4
94 1 1 5 3 3 16 20 16 6 20 4 2 2 4 4 4 4 2 3 4 2 2 2 2 4 4 4 2 4 4
95 1 1 5 3 20 12 9 12 25 20 4 2 2 4 4 4 4 1 2 5 2 2 2 2 2 2 2 2 2 4
96 2 2 5 2 16 12 8 10 15 15 4 2 2 5 4 2 4 2 2 2 2 2 2 3 4 3 2 2 2 4
97 1 2 5 1 3 25 15 15 15 25 4 2 4 3 3 5 5 5 2 3 5 5 3 5 3 3 5 3 5 5
98 2 1 3 2 25 16 4 5 4 10 5 2 2 4 3 4 5 1 2 4 3 2 1 1 4 3 4 2 3 5
99 2 2 2 3 15 12 20 16 20 25 5 2 3 4 4 4 4 2 2 4 2 3 2 2 2 4 3 2 4 4
100 1 1 6 3 16 16 9 9 16 16 4 2 2 4 4 4 4 2 3 4 2 2 2 1 4 2 3 2 4 4
101 2 2 5 2 20 9 4 25 25 25 5 2 2 4 5 3 3 3 3 5 3 2 2 4 2 4 2 2 4 3
102 1 1 3 3 25 16 9 5 4 15 5 2 3 4 5 5 3 1 1 5 3 1 1 1 2 4 4 2 4 4
103 1 1 5 1 1 1 1 1 1 1 5 1 1 5 5 1 5 1 1 5 1 1 1 2 4 5 5 1 5 1
104 2 2 5 2 25 2 9 25 25 16 3 2 2 4 4 3 4 3 3 5 3 2 2 1 3 5 2 3 4 4
105 2 1 2 1 16 9 15 25 6 20 5 1 2 2 4 4 4 1 1 4 1 5 4 1 3 3 3 4 4 5
106 1 1 5 2 12 16 9 16 12 20 4 3 2 2 3 2 5 2 2 4 2 2 2 2 4 2 2 2 2 5
107 1 2 3 1 9 16 25 8 16 12 4 2 2 2 4 4 5 1 4 5 1 2 2 2 4 2 2 4 4 5
108 2 2 2 1 10 10 4 15 6 15 5 1 3 3 3 1 3 2 2 3 3 3 3 1 3 2 1 3 3 4
109 1 1 4 2 12 16 15 6 15 16 4 2 3 4 4 4 4 1 2 5 2 3 2 2 5 2 3 2 3 4
110 1 1 3 3 12 20 20 3 25 5 5 1 1 5 5 4 4 2 2 2 5 5 3 1 2 3 3 4 4 5
111 1 1 4 3 25 8 16 25 25 25 5 1 2 5 5 3 5 1 1 4 1 1 1 2 5 4 2 1 3 5
112 1 2 2 3 9 16 6 16 9 16 3 2 3 3 4 2 5 1 1 1 1 4 1 1 4 2 2 3 3 4
113 1 1 5 3 12 16 16 9 20 12 5 1 1 5 5 5 5 1 5 5 4 1 1 1 5 5 4 2 4 4
114 1 2 2 1 15 9 16 8 16 8 4 2 2 4 5 2 5 2 3 4 2 2 2 2 5 3 1 3 2 4
115 1 1 5 2 20 12 9 9 10 10 4 2 3 4 4 4 5 1 3 4 1 1 2 1 2 2 3 4 4 4
116 1 1 3 2 20 9 12 12 20 4 5 2 2 2 5 5 5 1 2 4 1 1 1 1 5 4 4 5 5 5
117 2 2 3 1 12 15 15 5 12 25 5 1 2 4 2 3 5 5 2 1 1 1 2 1 3 1 2 2 3 5
118 1 1 5 2 12 25 15 20 16 20 5 1 1 2 5 2 5 1 4 5 1 1 1 1 5 5 2 1 2 5
119 2 2 4 2 9 16 25 25 8 9 3 2 2 3 3 2 4 2 4 4 2 2 2 2 3 3 2 3 3 4
120 1 1 5 2 16 9 8 25 4 12 2 2 4 2 5 4 5 2 3 2 4 2 2 1 4 2 2 2 4 4
121 1 1 5 3 12 25 20 12 12 20 5 2 2 4 5 4 4 1 3 4 2 1 1 1 2 3 4 2 4 4
122 1 1 4 2 16 16 16 16 16 15 3 2 1 5 5 4 5 1 4 5 1 1 2 1 5 5 3 2 4 5
123 1 1 5 2 12 16 12 6 20 10 3 1 2 4 4 4 4 2 4 3 3 4 2 4 3 3 4 2 4 4
124 2 1 2 2 16 25 25 6 16 25 4 1 1 5 4 3 4 2 2 4 2 1 1 2 4 4 3 2 3 2
125 1 2 5 3 25 15 25 25 25 15 5 1 1 1 5 1 5 1 5 5 1 1 1 1 5 2 1 1 1 5
126 1 1 5 3 9 8 12 16 15 12 3 2 2 4 5 4 5 1 4 5 2 1 1 1 4 4 2 2 4 4
127 1 1 4 2 16 15 20 9 15 10 5 1 2 5 4 4 3 3 4 5 3 1 1 2 1 4 3 2 4 3
128 2 2 3 1 12 25 20 20 12 15 5 2 1 5 5 3 5 1 4 4 2 1 1 2 4 4 2 2 3 4
129 1 1 4 2 20 9 9 12 16 16 4 2 2 4 4 2 4 3 4 4 2 4 2 3 4 4 2 2 2 4
130 2 1 3 1 25 25 20 20 25 25 5 1 1 5 5 2 5 1 3 5 1 2 2 1 3 2 1 2 3 5
131 1 1 4 3 25 3 9 1 25 25 5 1 1 5 5 5 5 1 2 5 1 1 1 1 1 5 5 1 5 5
132 2 2 4 1 20 20 15 15 15 25 4 2 2 2 4 3 4 2 2 4 2 2 2 2 4 2 2 2 3 4
133 1 1 4 3 15 16 15 6 9 20 4 2 2 3 4 3 3 1 2 5 3 1 2 2 4 2 3 2 3 2
134 2 2 5 1 25 20 20 20 16 25 5 3 2 5 5 3 5 2 3 4 2 3 3 2 4 2 4 3 4 4
135 2 1 3 3 12 15 16 12 12 16 4 2 1 2 5 4 1 1 2 4 2 1 2 2 1 2 4 4 4 5
136 1 1 5 3 12 25 6 12 16 15 4 2 2 4 5 3 4 1 2 5 3 2 2 3 4 3 2 4 3 3
137 1 1 5 3 12 25 6 12 16 15 4 2 2 4 5 3 4 1 2 5 3 2 2 3 4 3 2 4 3 3
138 1 1 5 2 20 12 16 15 25 10 4 2 2 4 4 3 4 2 2 4 2 2 2 2 4 2 3 2 4 4
139 1 1 5 3 20 25 20 20 15 12 4 1 2 4 4 2 5 2 2 4 2 1 1 2 4 4 2 2 2 4
140 1 1 5 3 20 25 20 20 15 12 4 1 2 4 4 2 5 2 2 4 2 1 1 2 4 4 2 2 2 4
141 2 1 5 3 9 20 20 12 9 25 4 1 2 4 5 5 5 1 3 5 1 1 1 2 5 3 3 2 4 5
142 2 2 4 3 25 16 25 20 9 25 5 3 3 5 4 4 3 3 3 3 3 3 3 2 3 3 3 3 3 3
143 2 1 5 3 25 25 9 25 25 25 4 2 2 4 4 4 5 2 4 4 2 4 4 2 3 4 4 4 3 4
144 2 1 3 3 16 25 20 20 12 20 2 3 2 5 4 3 4 2 4 3 2 2 2 2 4 4 2 2 3 5
145 1 1 5 3 12 12 25 16 2 16 5 1 1 5 5 2 4 1 3 4 2 1 4 3 3 1 2 2 3 4
146 1 1 4 3 6 15 16 4 3 15 4 2 4 3 4 5 5 1 2 4 1 2 2 1 3 2 4 2 2 5
147 1 1 3 1 12 20 25 20 8 25 2 2 2 2 2 2 4 2 3 5 2 2 2 1 4 4 3 4 2 1
148 1 1 5 3 6 8 2 8 4 10 4 2 2 3 4 3 4 1 4 2 3 2 2 1 3 1 3 3 4 4
149 1 1 5 3 6 8 2 8 4 10 4 2 2 3 4 3 4 1 4 2 3 2 2 1 3 1 3 3 4 4
150 2 2 3 1 25 25 15 25 15 16 5 3 1 2 3 3 4 4 4 4 2 2 2 3 4 3 3 4 3 4
151 1 2 3 1 25 25 25 10 15 10 3 3 5 4 4 2 3 3 3 4 3 1 3 3 3 4 1 3 3 4
152 1 1 3 1 12 12 4 6 12 12 3 2 2 3 4 2 4 2 3 4 2 2 2 2 3 3 2 4 2 4
153 2 2 5 1 20 9 12 10 16 10 4 3 4 4 2 2 5 2 3 2 2 5 2 2 2 2 2 4 2 5
154 1 1 3 1 6 12 10 4 15 12 2 2 1 2 5 2 5 4 2 5 1 1 1 4 3 4 2 3 3 2
155 2 2 4 1 12 16 15 15 12 25 3 3 3 5 4 2 3 3 3 1 1 2 2 1 3 3 3 3 2 5
156 1 1 5 3 12 25 10 16 6 16 5 1 4 4 5 5 5 1 3 5 3 1 1 1 4 4 2 2 4 3
157 2 2 5 1 25 25 15 4 25 25 2 2 2 2 2 2 4 2 3 5 2 2 2 2 3 4 4 2 4 5
158 2 2 5 1 25 25 15 4 25 25 2 2 2 2 2 2 4 2 3 5 2 2 2 2 3 4 4 2 4 5
159 2 2 4 1 16 16 12 12 12 12 4 2 1 4 5 2 4 1 3 5 2 1 1 2 4 4 2 1 3 4
160 2 2 2 1 12 12 8 12 8 6 4 2 3 4 3 3 4 3 3 4 2 2 2 3 3 3 3 2 3 4
161 1 1 4 2 25 25 20 10 25 20 2 2 1 4 1 1 5 1 1 2 1 2 2 1 2 2 2 2 1 5
162 2 2 4 1 16 12 4 9 15 16 5 1 5 4 4 3 5 5 3 4 5 2 1 3 4 4 3 2 3 5
163 1 1 5 1 12 15 8 20 9 16 4 2 3 2 3 4 5 1 2 5 1 2 2 1 4 2 1 3 2 4
164 1 1 5 3 2 16 12 4 2 12 5 1 1 5 5 5 1 1 5 1 2 4 1 1 5 4 5 4 5 2
165 1 1 5 2 6 12 12 8 6 15 4 2 2 4 2 4 4 1 1 2 2 4 4 1 5 2 4 2 4 4
166 1 1 3 3 6 16 20 20 16 5 3 1 2 1 4 2 4 1 4 1 1 3 1 1 5 2 1 1 4 4
167 1 1 3 2 16 9 9 9 9 16 4 2 3 4 5 2 4 1 3 4 1 3 2 2 4 3 4 3 4 5
168 1 1 4 3 12 16 16 10 8 10 4 1 2 2 4 4 3 1 2 4 3 2 2 2 2 2 2 2 4 3
169 1 2 2 1 15 12 16 6 25 10 4 3 2 2 2 4 4 1 2 5 1 1 1 1 5 2 2 1 2 5
170 1 1 5 1 12 15 9 16 20 20 2 4 4 4 2 4 5 1 2 4 2 2 2 2 2 3 3 2 4 4
171 1 1 4 3 16 25 25 25 12 5 4 3 4 2 5 3 3 1 4 5 3 1 1 1 3 2 3 1 3 3
172 2 1 2 1 12 20 20 20 12 10 4 1 2 3 4 1 5 2 3 3 2 2 2 3 2 2 2 2 2 4
173 1 1 5 3 1 1 1 1 1 1 4 1 2 4 5 3 2 5 2 4 3 2 2 3 4 3 3 2 4 2
174 1 1 3 1 25 12 12 20 25 12 2 2 1 2 4 1 1 1 1 5 1 1 1 1 5 5 1 1 1 5
175 1 1 5 3 9 16 12 15 16 16 5 2 2 4 4 5 4 1 4 4 2 2 1 2 1 4 2 2 4 4
176 1 1 5 3 15 16 16 12 10 20 4 2 2 4 1 5 5 5 3 4 2 2 2 2 4 4 4 2 5 5
177 1 1 4 3 15 25 25 10 9 25 4 1 4 2 5 3 5 1 4 5 1 1 1 1 4 4 1 5 3 5
178 1 1 5 3 15 16 15 6 25 15 4 1 1 4 5 3 4 1 3 4 2 2 2 3 4 4 2 2 4 4
179 2 1 5 3 25 25 9 25 25 25 3 2 3 4 1 2 5 2 3 4 3 2 1 3 3 3 2 2 3 3
180 1 1 5 3 9 25 25 20 9 12 2 1 1 4 5 3 5 1 3 4 1 2 3 1 4 4 2 4 2 5
181 1 1 5 3 9 25 25 20 9 12 2 1 1 4 5 3 5 1 3 4 1 2 3 1 4 4 2 4 2 5
182 1 2 4 2 12 16 3 2 3 9 5 1 1 5 5 2 4 1 5 5 2 2 1 1 5 5 1 1 3 5
183 1 1 4 3 9 9 6 4 2 9 4 2 2 4 4 3 4 1 3 4 3 2 2 1 3 2 4 2 3 3
184 1 1 5 3 12 20 20 16 25 20 4 2 1 4 5 4 4 1 2 4 2 1 2 1 5 2 2 2 4 4
185 1 1 4 2 25 20 16 25 20 5 5 3 5 4 4 5 5 1 4 5 2 2 2 1 4 2 4 2 4 4
186 1 1 4 3 12 16 20 8 16 8 4 1 1 2 4 3 5 1 4 4 1 1 1 1 4 4 2 2 4 4
187 1 1 5 3 9 16 25 9 20 8 5 1 1 3 5 4 3 1 3 5 2 1 1 1 5 2 2 1 3 5
188 2 2 3 2 25 16 20 25 12 20 4 2 2 3 3 4 5 1 2 1 5 5 5 2 2 3 4 5 5 5
189 1 1 5 3 15 15 15 20 20 20 4 1 2 4 4 4 4 1 3 5 1 1 1 1 5 4 2 2 4 4
190 1 2 3 2 15 25 9 25 25 25 2 2 2 2 4 5 5 1 2 2 1 4 1 1 2 4 2 1 5 5
191 1 1 5 3 20 16 20 5 10 15 5 1 2 4 5 3 4 1 3 5 3 1 1 1 5 2 2 2 3 4
192 2 2 3 1 20 25 25 25 20 25 4 1 2 5 5 4 5 1 3 4 2 1 1 2 4 2 2 1 2 5
193 1 1 3 2 20 16 16 25 16 16 4 1 3 5 5 3 5 1 2 2 1 1 2 1 2 3 4 4 4 5
194 1 2 4 2 15 15 10 25 15 25 4 2 3 2 5 5 5 1 1 5 1 1 1 1 4 3 5 1 4 5
195 1 1 5 3 12 20 25 5 25 10 2 2 1 3 5 4 4 1 3 4 3 2 1 1 5 5 4 1 4 4
196 2 1 3 2 8 20 16 15 8 20 4 1 2 4 4 2 5 1 3 2 2 3 3 2 4 2 2 2 2 5
197 1 2 2 1 15 16 12 9 12 20 4 2 2 3 4 4 3 2 2 4 2 2 2 2 4 2 2 4 3 2
198 1 1 5 3 25 25 25 1 1 25 1 2 1 1 1 1 1 1 1 1 1 5 4 1 1 1 5 5 5 5
199 1 1 3 2 1 25 25 1 1 25 3 1 4 4 1 5 5 1 1 1 1 5 2 1 1 2 5 4 5 4
200 1 1 2 3 25 9 8 5 20 8 5 1 2 4 4 3 4 2 4 5 2 2 1 3 2 4 2 2 2 4
201 1 2 4 2 20 12 12 16 16 12 2 2 2 2 4 5 5 1 3 5 1 3 2 2 2 4 2 3 5 5
202 1 1 5 3 12 12 9 20 8 20 5 2 2 4 3 5 5 1 2 5 1 2 2 1 2 4 3 2 4 1
203 2 1 5 3 9 16 12 12 8 20 3 2 2 4 4 3 5 1 5 3 2 4 2 5 4 4 2 3 4 5
204 1 2 5 2 9 16 20 12 10 10 5 2 1 4 5 4 5 1 4 5 1 1 1 2 5 4 2 2 4 5
205 1 1 3 3 20 20 20 15 16 25 4 3 2 3 4 4 2 1 1 5 3 2 2 2 4 2 2 2 4 3
206 1 1 4 3 20 20 16 20 20 25 2 4 4 3 4 5 5 1 2 2 1 2 1 1 4 4 5 2 4 5
207 1 1 4 3 20 20 9 15 9 25 5 2 2 4 4 4 5 1 3 5 1 2 2 1 4 4 4 2 4 5
208 1 1 5 3 10 20 20 4 10 4 2 2 2 2 5 5 5 1 2 5 2 1 1 1 4 4 5 2 4 4
209 1 1 5 1 16 25 16 25 1 25 4 4 2 4 2 4 4 2 3 4 3 2 2 4 4 2 4 2 4 4
210 1 1 5 1 6 16 12 15 25 25 3 2 3 4 4 3 4 2 3 4 2 4 2 2 2 4 2 3 2 4
211 2 1 5 1 25 25 12 12 6 15 5 2 2 5 5 1 3 3 4 5 3 1 2 4 3 5 1 3 2 3
212 1 1 4 3 6 20 16 25 8 25 2 4 2 2 4 4 5 1 2 4 1 1 2 1 2 2 4 2 1 1
213 1 1 4 3 6 20 16 25 8 25 2 4 2 2 4 4 5 1 2 4 1 1 2 1 2 2 4 2 1 1
214 1 1 5 3 9 16 15 25 12 25 3 4 3 4 3 3 5 1 2 5 1 2 2 1 3 4 4 2 3 4
215 1 1 3 2 4 16 20 3 3 12 5 1 1 4 5 5 5 1 2 3 2 1 4 1 5 4 4 4 4 4
216 1 1 3 2 9 16 12 12 6 16 1 3 1 4 4 3 5 1 4 4 1 4 3 2 4 4 3 2 3 4
217 1 2 2 1 16 9 6 25 20 20 4 3 3 4 3 2 4 1 3 4 2 2 2 2 2 3 4 3 5 4
218 2 2 2 1 5 15 5 12 15 9 2 2 4 4 2 1 5 5 4 2 2 2 2 1 3 2 2 2 2 3
219 1 1 3 2 16 12 25 16 15 16 4 2 2 4 4 3 4 2 3 5 2 1 1 2 1 4 2 3 3 2
220 1 1 4 2 16 20 9 15 16 20 4 2 2 5 2 1 5 1 2 2 1 3 2 1 3 3 4 3 1 4
221 2 1 3 2 8 20 16 6 12 20 2 1 2 2 4 2 4 2 4 4 2 2 2 3 4 4 2 4 3 4
222 1 1 6 1 15 9 9 15 15 15 3 1 1 5 5 4 4 3 3 4 3 2 1 3 4 4 2 3 3 3
223 1 1 6 1 15 9 9 15 15 15 3 1 1 5 5 4 4 3 3 4 3 2 1 3 4 4 2 3 3 3
224 1 1 4 3 25 8 9 25 16 16 5 1 1 4 4 5 5 1 4 5 1 1 1 3 5 4 5 2 5 5
225 1 1 5 1 25 20 12 20 25 16 4 2 2 4 4 3 5 2 3 4 1 4 4 3 4 2 3 3 4 5
226 2 1 4 2 20 12 12 12 12 12 4 3 2 4 4 2 5 1 2 4 1 2 2 1 5 3 2 2 2 5
227 1 1 4 1 25 25 15 25 20 25 5 1 1 5 5 4 5 1 2 5 1 1 1 1 4 4 2 4 3 1
228 1 2 5 3 12 12 9 25 9 12 5 1 2 4 5 5 4 5 4 5 2 1 1 1 5 4 5 4 4 4
229 1 1 3 3 25 9 16 9 16 12 4 2 2 4 4 3 4 5 3 2 2 2 2 2 4 2 2 2 3 4
230 1 1 3 2 16 4 12 9 25 9 4 1 2 1 4 3 5 2 3 4 2 2 2 2 5 3 2 2 3 3
231 1 1 5 3 5 15 25 25 25 25 4 2 5 2 1 4 5 1 2 2 1 2 2 1 1 4 4 4 4 5
232 1 1 3 3 9 16 12 12 8 9 4 2 2 2 3 2 5 5 4 3 3 2 2 1 4 4 2 2 3 4
233 2 1 4 2 20 25 20 10 20 25 5 1 1 4 4 2 5 1 4 3 1 3 1 2 4 4 2 4 2 5
234 2 1 5 3 20 20 15 25 20 15 3 2 2 3 4 3 4 2 4 5 3 2 2 2 4 4 4 2 4 5
235 1 1 3 3 25 25 15 9 15 20 4 2 2 4 4 4 5 1 3 2 1 4 2 1 3 2 3 3 4 4
236 2 2 4 2 20 12 12 5 25 15 4 2 1 4 5 3 5 1 3 5 2 1 1 1 4 3 3 2 3 5
237 2 1 4 1 12 20 15 16 12 16 4 2 2 4 4 2 5 1 2 1 2 5 2 2 4 4 2 4 3 5
238 1 1 5 2 16 16 3 5 20 10 4 1 1 4 4 4 4 1 4 4 1 1 1 3 4 4 1 1 2 5
239 1 1 4 2 25 20 20 25 25 5 5 1 2 4 5 3 4 2 4 2 2 2 2 2 5 3 2 4 3 3
240 2 1 4 2 25 10 3 25 25 25 5 2 2 2 3 2 5 1 1 5 1 1 1 1 3 2 2 3 2 5
241 1 1 5 3 6 12 8 9 12 15 4 1 1 2 4 2 4 2 5 5 2 1 1 2 5 4 2 1 2 4
242 1 1 5 3 12 20 20 9 6 20 4 1 1 4 5 3 4 1 2 4 2 1 1 2 5 4 2 1 5 4
243 1 1 5 3 9 20 25 12 6 16 4 2 3 3 4 5 4 4 3 4 2 2 2 2 4 3 4 3 4 4
244 2 1 4 1 16 20 20 20 15 16 4 2 1 4 4 4 4 1 2 5 2 2 1 2 2 2 2 1 5 5
245 1 1 3 2 20 15 12 10 5 5 4 4 3 4 4 1 3 2 3 4 3 5 2 3 4 4 2 3 3 4
246 1 1 3 2 20 15 12 10 5 5 4 4 3 4 4 1 3 2 3 4 3 5 2 3 4 4 2 3 3 4
247 2 1 5 3 4 25 25 1 4 16 3 2 2 2 4 4 4 5 3 4 2 2 2 2 4 2 2 2 3 3
248 1 1 5 2 8 4 3 5 15 5 5 1 2 4 2 2 5 1 2 2 2 4 2 2 2 4 2 2 2 4
249 1 1 5 2 20 12 12 15 20 20 5 1 2 5 5 4 5 1 4 4 2 4 2 1 4 3 2 2 4 4
250 1 1 5 2 9 16 16 6 9 15 4 2 2 4 3 2 3 2 2 4 3 2 1 2 5 4 2 2 2 3
251 2 2 2 1 20 2 6 1 25 5 4 2 3 4 5 2 3 2 4 4 3 2 2 2 2 4 2 2 2 5
252 1 1 4 1 12 20 15 25 6 12 4 3 2 4 4 4 5 1 2 5 2 1 1 2 4 3 5 2 3 5
253 2 2 3 2 20 25 25 25 25 25 4 2 3 2 3 2 5 1 3 3 1 3 2 2 3 2 1 3 3 5
254 1 1 4 2 12 20 16 16 4 8 4 2 2 4 4 4 4 2 2 4 2 2 2 2 4 4 4 4 4 4
255 1 1 3 3 5 25 25 9 5 10 4 2 2 4 3 5 4 2 2 5 2 2 2 1 2 2 5 4 5 4
256 2 1 5 2 16 8 20 15 25 15 4 2 2 4 4 5 5 1 2 2 2 3 2 2 4 2 2 4 2 4
257 2 2 2 3 16 20 20 20 20 15 4 3 3 4 4 2 4 2 3 3 2 3 2 3 4 4 3 2 2 4
258 2 1 4 2 16 9 16 25 9 15 5 2 2 4 4 2 4 2 3 4 2 2 2 2 2 3 2 2 2 4
259 2 2 4 3 12 25 25 16 9 25 4 2 2 4 3 5 5 1 2 4 4 2 2 1 2 4 2 2 5 4
260 2 2 4 1 25 16 20 20 20 10 4 3 3 4 4 4 5 1 2 4 1 1 1 1 3 2 3 2 3 4
261 2 1 5 3 16 20 20 5 9 20 5 1 2 3 4 1 5 1 3 1 1 4 1 1 4 4 4 4 5 5
262 2 2 2 1 25 12 16 15 12 15 4 2 3 2 4 2 5 1 3 4 2 2 2 2 5 4 2 4 3 4
263 1 1 3 1 20 16 9 25 12 16 5 1 2 5 5 3 5 1 5 4 3 1 1 2 3 3 4 3 2 2
264 2 1 4 1 16 25 20 20 8 15 4 3 2 4 2 4 5 2 4 2 2 4 4 2 3 4 2 4 4 5
265 1 1 5 3 20 25 16 25 25 15 2 2 2 2 2 1 4 1 1 5 3 2 1 1 2 4 1 1 3 4
266 2 2 3 1 6 5 4 4 3 5 3 1 3 2 3 4 5 1 2 3 1 3 2 1 2 3 4 5 5 4
267 2 2 2 3 16 20 12 25 8 10 4 2 3 3 4 2 4 2 4 4 3 1 1 3 3 4 2 2 4 4
268 2 2 5 3 9 25 25 4 4 25 5 1 2 4 5 5 4 1 3 4 2 2 2 1 4 4 5 3 2 4
269 1 2 3 2 8 25 25 1 3 20 4 2 2 4 4 3 4 2 2 4 3 3 2 2 2 4 3 3 3 3
270 1 1 3 2 20 20 25 25 20 5 5 1 1 5 5 3 5 1 4 2 1 4 2 2 4 2 2 4 3 5
271 1 1 3 2 20 20 25 25 20 5 5 1 1 5 5 3 5 1 4 2 1 4 2 2 4 2 2 4 3 5
272 1 1 5 3 16 9 12 16 20 12 2 2 2 5 5 5 5 2 3 5 3 1 1 4 4 4 4 2 4 3
273 1 1 5 3 16 9 12 16 20 12 2 2 2 5 5 5 5 2 3 5 3 1 1 4 4 4 4 2 4 3
274 1 2 2 3 16 15 20 6 8 12 2 3 3 3 3 4 5 1 2 4 2 3 2 2 2 3 3 2 4 4
275 1 2 2 3 16 15 20 6 8 12 2 3 3 3 3 4 5 1 2 4 2 3 2 2 2 3 3 2 4 4
276 2 1 3 2 12 9 9 12 9 12 4 2 2 3 5 3 4 2 3 4 3 3 2 2 4 4 2 2 3 5
277 1 1 5 3 5 15 25 25 3 25 5 3 4 4 4 4 4 1 3 1 1 3 3 1 2 3 4 3 4 4
278 2 2 2 3 8 10 9 16 8 20 4 1 3 3 5 3 3 1 2 4 1 3 2 1 3 4 3 2 3 5
279 2 1 5 1 12 12 9 20 20 8 5 2 2 4 4 2 3 2 4 3 2 4 1 3 2 2 4 2 3 4
280 1 1 3 3 15 15 10 4 15 20 3 2 3 3 4 3 4 2 4 4 2 2 2 2 4 4 3 2 3 4
281 2 2 5 1 20 25 10 3 5 15 5 5 1 5 5 4 5 1 5 2 1 4 2 2 3 2 4 4 5 5
282 1 1 5 3 16 12 9 9 16 12 5 1 1 4 5 4 4 1 4 4 4 2 2 1 5 4 4 4 4 3
283 2 1 4 3 9 15 4 25 9 25 4 2 2 4 4 2 5 2 3 4 2 2 2 2 4 4 2 2 2 4
284 2 1 4 2 20 20 12 12 9 20 4 2 2 4 5 3 4 2 3 4 3 2 2 3 4 4 4 2 3 4
285 1 1 5 3 12 9 10 20 8 20 4 2 2 4 4 2 4 2 2 4 2 2 2 2 4 2 2 2 1 4
286 1 1 5 3 12 25 25 20 1 25 4 3 2 4 4 4 5 1 3 4 2 4 2 2 3 4 4 4 4 5
287 1 1 5 2 20 9 6 16 8 9 4 2 2 3 4 4 5 1 3 5 2 1 1 2 5 3 4 2 4 4
288 1 1 5 2 20 16 12 12 16 8 5 2 2 2 5 2 4 1 2 4 1 2 2 1 3 2 2 2 2 3
289 1 2 2 3 16 16 25 10 16 20 4 2 2 2 5 2 4 1 4 5 2 5 1 2 4 4 2 2 2 4
290 2 2 3 1 9 16 6 4 4 25 5 2 2 3 5 2 5 5 4 4 1 2 2 2 4 2 2 3 2 5
291 2 2 2 1 9 16 9 15 12 12 3 3 4 4 4 4 4 2 2 4 3 2 2 3 3 2 2 3 4 4
292 1 1 4 3 12 20 20 6 12 8 1 3 1 3 4 3 4 1 4 5 2 1 1 4 2 4 2 2 3 4
293 1 2 2 1 6 16 16 4 6 12 2 3 2 2 3 2 4 2 2 3 3 3 2 2 4 3 2 3 2 3
294 2 1 4 2 25 16 8 12 25 15 4 2 3 4 4 4 4 2 3 4 2 2 2 2 3 4 3 3 4 4
295 1 1 3 1 25 25 20 25 25 25 5 1 2 5 5 3 4 2 3 4 2 4 2 3 2 2 4 2 4 4
296 1 1 5 3 12 16 15 12 8 12 4 3 2 3 4 4 5 3 4 4 3 2 2 3 4 3 4 2 4 4
297 2 2 2 1 15 25 9 15 20 25 4 4 4 4 3 5 1 1 5 5 1 2 4 2 4 1 1 5 3 5
298 2 2 5 1 25 25 16 25 16 20 5 2 2 4 2 5 4 2 4 5 3 2 4 4 4 4 4 2 4 4
299 1 1 5 1 20 20 12 25 16 25 3 3 3 5 5 2 3 2 4 4 2 2 1 2 3 4 2 3 3 2
300 1 1 5 1 20 20 12 25 16 25 3 3 3 5 5 2 3 2 4 4 2 2 1 2 3 4 2 3 3 2
301 2 1 4 2 16 12 8 4 12 12 4 2 1 3 4 3 4 2 2 2 2 4 2 2 2 3 3 4 2 4
302 2 1 4 2 16 12 8 4 12 12 4 2 1 3 4 3 4 2 2 2 2 4 2 2 2 3 3 4 2 4
303 2 2 4 2 15 25 15 25 15 10 4 5 5 5 5 4 5 1 3 5 2 5 5 1 4 4 2 4 3 1
304 1 1 5 3 25 16 12 25 25 25 4 4 3 4 4 4 4 3 4 5 3 2 2 4 2 4 2 2 3 4
305 1 1 5 3 25 16 12 25 25 25 4 4 3 4 4 4 4 3 4 5 3 2 2 4 2 4 2 2 3 4
306 2 2 3 3 15 25 25 20 15 25 4 2 3 4 4 1 5 1 4 5 1 3 2 1 5 4 1 3 4 5
307 1 2 2 3 9 16 12 9 10 8 1 2 4 4 1 5 5 1 1 5 2 1 1 1 2 3 4 4 4 2
308 2 2 3 1 12 12 9 12 9 12 4 2 2 2 4 3 4 2 4 4 2 2 2 2 3 4 4 2 3 4
309 2 2 3 1 12 12 9 12 9 12 4 2 2 2 4 3 4 2 4 4 2 2 2 2 3 4 4 2 3 4
310 1 1 3 3 6 16 20 1 3 25 2 4 2 2 3 4 5 1 1 5 1 4 2 1 1 2 2 2 4 5
311 1 1 3 3 6 16 20 1 3 25 2 4 2 2 3 4 5 1 1 5 1 4 2 1 1 2 2 2 4 5
312 1 1 3 3 6 16 20 1 3 25 2 4 2 2 3 4 5 1 1 5 1 4 2 1 1 2 2 2 4 5
313 1 1 5 3 8 25 15 12 6 25 4 4 5 4 2 5 5 2 2 5 2 2 1 3 4 2 5 2 5 5
314 2 2 3 2 20 25 16 25 16 25 5 3 4 5 5 5 5 1 3 5 1 4 2 2 3 4 5 2 5 5
315 1 1 3 1 20 12 12 15 15 20 4 2 2 4 2 3 4 2 4 4 2 1 1 2 3 4 2 2 3 4
316 1 2 2 2 12 20 25 10 6 25 2 1 1 4 4 5 5 1 3 5 4 1 1 2 2 4 5 1 4 4
317 1 1 4 3 16 6 12 9 16 12 5 2 2 4 3 3 5 1 4 4 1 2 2 2 4 2 3 2 3 2
318 1 1 3 2 25 20 6 15 20 15 5 1 1 5 2 2 5 1 4 2 1 5 4 1 2 2 2 2 3 5
319 1 1 3 2 12 16 9 5 9 12 4 2 4 3 4 5 2 1 4 4 4 2 2 1 5 2 5 4 4 2
320 1 2 2 2 12 8 12 10 25 10 2 2 1 2 4 2 4 2 3 4 3 2 2 1 4 3 1 3 3 4
321 1 1 4 3 25 12 15 9 16 12 4 2 2 4 4 5 4 2 4 4 2 2 2 2 4 3 5 2 4 4
322 1 1 4 3 12 25 20 3 6 12 2 3 3 2 4 4 4 3 2 4 2 2 4 3 2 4 5 3 4 3
323 1 1 3 3 9 25 15 2 15 5 4 1 3 3 4 3 5 1 4 4 2 4 2 2 4 4 3 3 3 4
324 1 1 3 3 10 25 25 5 5 15 5 1 2 2 5 4 5 1 2 5 1 1 1 1 4 4 2 2 4 5
325 1 1 3 3 10 25 25 5 5 15 5 1 2 2 5 4 5 1 2 5 1 1 1 1 4 4 2 2 4 5
326 1 2 3 1 9 12 12 8 12 12 5 2 2 4 4 5 4 1 3 4 2 2 2 1 2 2 4 3 5 5
327 1 2 2 2 16 12 16 16 16 16 4 1 1 4 4 4 5 1 4 5 1 1 1 3 5 2 2 4 3 4
328 1 1 4 2 25 25 25 25 16 25 3 2 4 4 5 3 3 2 2 4 3 2 2 2 4 3 2 2 2 4
329 1 1 4 3 6 20 25 2 12 2 5 1 3 3 3 4 5 2 3 5 3 3 2 3 3 3 3 4 4 5
330 1 1 5 1 25 25 25 25 25 25 3 3 3 3 3 3 3 3 3 3 3 3 3 3 3 5 2 5 3 3
331 1 1 4 1 25 12 8 20 25 3 4 2 1 3 4 4 3 2 3 4 3 2 2 3 4 4 4 2 4 3
332 1 1 5 2 12 16 16 12 15 20 2 2 2 1 5 5 5 1 2 5 2 2 1 4 3 4 4 1 5 5
333 1 1 5 2 12 16 16 12 15 20 2 2 2 1 5 5 5 1 2 5 2 2 1 4 3 4 4 1 5 5
334 1 1 4 3 6 16 25 10 2 16 1 1 4 4 5 5 1 1 1 5 4 4 4 1 1 2 4 5 3 5
335 2 1 2 2 12 9 12 6 25 8 3 2 1 1 4 1 5 1 2 5 2 1 1 3 4 4 1 4 2 4
336 1 1 3 3 20 20 25 25 16 25 4 2 2 2 4 3 4 1 3 4 2 1 1 1 4 3 2 1 3 4
337 1 1 5 3 6 16 12 2 20 10 4 1 2 4 4 2 3 2 4 4 2 2 2 4 2 2 2 2 2 4
338 1 1 3 2 9 16 9 6 12 9 2 2 2 2 4 4 4 2 3 4 2 2 2 2 2 4 3 2 4 4
339 2 1 5 3 16 15 20 25 20 20 5 1 1 2 5 4 5 1 4 4 1 1 1 1 5 4 4 2 4 5
340 1 1 6 3 9 12 8 20 8 20 4 2 5 5 5 5 4 2 4 4 3 2 2 2 3 4 4 3 4 4
341 2 1 5 1 9 12 9 16 6 20 3 2 2 3 4 3 4 2 4 4 2 1 1 3 3 4 2 2 3 4
342 2 2 3 1 12 20 9 8 9 12 4 2 4 4 4 3 4 2 4 4 2 4 2 2 4 3 3 2 2 4
343 1 2 3 2 12 25 20 25 20 25 4 2 2 2 4 2 2 1 2 5 3 1 1 1 5 4 2 1 3 2
344 2 2 5 2 16 20 25 20 16 15 4 2 2 4 5 4 4 2 3 5 2 2 1 2 5 2 3 2 4 3
345 2 2 3 1 10 16 12 8 8 10 4 1 2 2 4 2 4 1 3 5 2 1 1 2 4 2 1 2 2 4
346 2 1 2 1 9 12 16 8 8 16 4 2 2 4 4 2 5 1 3 4 2 3 2 1 4 2 2 2 3 5
347 2 2 3 1 25 15 9 25 15 15 4 2 2 4 5 3 4 2 3 4 2 3 3 2 2 2 3 3 3 4
348 1 2 3 1 16 16 16 4 12 8 4 2 2 4 4 2 4 1 4 4 2 2 2 2 4 4 2 2 2 4
349 2 1 3 1 15 9 9 12 12 12 5 2 1 4 5 1 3 2 3 4 3 2 2 2 3 4 2 2 3 3
350 1 1 5 3 20 16 16 8 20 12 4 1 1 4 5 1 5 1 3 4 1 2 2 2 5 4 1 2 2 5
351 2 2 4 2 20 25 20 15 20 15 5 1 1 5 5 3 5 2 3 5 1 3 1 2 5 4 4 1 3 4
352 1 2 2 3 15 9 8 3 20 15 3 1 2 2 5 2 4 1 4 4 1 1 1 1 5 5 2 2 2 5
353 2 2 5 1 10 20 6 4 9 20 2 2 3 4 1 1 4 1 2 2 1 4 2 1 3 4 1 4 3 5
354 1 1 3 2 25 15 6 25 25 4 4 2 1 4 4 2 5 1 2 5 1 2 1 2 4 4 2 1 4 4
355 2 1 5 3 15 10 2 12 20 25 4 2 2 4 4 4 5 1 3 4 2 2 2 1 4 4 2 4 3 2
356 1 1 5 2 9 12 12 25 16 25 5 1 5 3 2 3 5 1 3 3 1 3 3 1 3 3 4 2 3 3
357 1 1 4 3 6 20 20 6 8 16 4 2 3 2 4 4 4 2 2 4 3 3 2 2 3 4 3 2 4 3
358 1 1 4 3 6 20 20 6 8 16 4 2 3 2 4 4 4 2 2 4 3 3 2 2 3 4 3 2 4 3
359 1 2 2 1 12 16 12 9 12 8 4 2 1 4 4 2 4 1 3 4 2 2 2 2 5 4 2 2 3 4
360 1 2 3 1 20 20 20 2 16 25 4 1 3 2 4 4 4 1 3 4 3 2 1 3 2 5 4 2 4 4
361 1 2 2 1 15 20 16 20 20 25 5 1 2 4 5 3 4 2 2 3 2 4 2 2 4 4 2 2 3 4
362 2 1 4 3 8 16 16 15 16 25 4 2 2 4 5 4 5 1 4 4 2 1 1 1 4 4 3 4 4 4
363 1 1 3 1 25 9 6 10 20 8 5 2 2 2 5 5 5 1 2 3 1 4 1 2 3 4 4 2 5 5
364 1 1 3 1 25 9 6 10 20 8 5 2 2 2 5 5 5 1 2 3 1 4 1 2 3 4 4 2 5 5
365 1 1 5 2 25 12 6 8 6 6 5 1 2 4 5 5 3 1 5 5 1 1 1 1 2 4 3 2 5 1
366 1 1 3 1 16 20 25 6 16 20 5 2 3 4 4 3 5 1 4 4 1 4 2 1 4 2 2 3 4 5
367 2 1 5 2 16 16 12 25 16 20 4 2 2 4 3 4 4 2 3 4 2 2 4 2 4 2 3 4 4 4
368 2 2 3 2 16 12 16 25 12 12 4 2 2 4 5 2 4 2 4 4 2 1 2 2 4 4 2 2 2 5
369 1 2 3 1 16 25 16 25 4 25 4 2 2 4 5 4 4 2 2 4 2 2 2 2 5 2 2 2 4 5
370 2 2 2 1 6 25 20 25 12 20 4 2 2 4 5 3 3 2 2 4 3 2 2 3 4 2 2 2 2 3
371 2 2 5 1 16 8 9 15 12 4 4 2 1 4 4 3 5 3 4 3 1 1 1 3 4 2 3 2 3 5
372 1 1 4 2 25 20 15 15 25 15 4 2 1 4 5 4 5 1 4 5 1 1 1 1 4 4 3 2 3 4
373 2 1 4 1 25 12 9 16 16 16 5 2 1 4 4 4 4 2 3 4 2 2 2 2 4 4 4 2 4 4
374 1 1 5 3 20 25 20 5 20 20 4 1 1 4 5 2 4 1 3 4 1 1 1 1 5 4 1 4 2 5
375 1 1 3 3 9 25 25 16 15 16 3 2 2 2 4 2 4 2 3 4 2 1 2 2 2 4 2 2 3 4
376 1 2 2 2 16 25 20 20 3 10 4 2 2 3 5 1 5 1 3 4 1 1 1 1 4 4 3 3 3 5
377 1 1 4 2 4 16 8 5 6 12 2 2 2 2 4 3 4 2 3 4 2 2 2 2 4 4 2 4 3 3
378 2 1 4 2 25 25 1 25 25 25 5 3 2 4 4 2 4 1 1 5 1 1 1 1 2 3 2 2 2 1
379 1 2 3 1 25 15 3 1 4 9 2 1 4 2 5 3 5 1 2 4 1 2 2 1 1 4 4 5 4 5
380 1 2 2 1 25 20 20 16 10 25 4 1 2 3 4 3 5 1 2 4 1 2 2 1 3 2 1 3 3 5
381 1 1 3 2 12 25 25 20 6 25 2 3 3 4 3 4 3 1 2 4 3 4 4 1 3 3 3 4 4 3
382 2 2 5 3 16 20 16 16 15 20 4 2 2 4 4 2 5 1 4 2 1 2 2 1 4 4 2 2 2 5
383 2 2 2 2 15 12 20 15 20 15 4 1 1 4 5 1 4 2 3 5 2 1 2 3 5 3 1 4 1 4
384 2 2 4 1 16 25 25 20 16 20 4 2 2 4 4 4 4 2 3 4 2 2 2 2 4 2 2 4 2 4
385 1 1 5 3 20 25 20 20 15 25 4 1 4 1 1 5 5 1 1 1 1 5 5 1 3 1 5 5 5 5
386 2 2 2 3 12 12 9 12 12 16 4 2 3 2 5 3 4 2 3 4 3 2 2 2 4 4 2 2 3 4
387 2 1 5 2 20 25 25 25 25 20 4 2 1 1 5 5 5 2 4 4 1 4 1 4 2 2 2 2 2 5
388 1 1 5 1 25 25 25 25 20 25 4 2 3 5 5 3 5 1 5 5 1 1 1 1 1 4 2 1 2 1
389 1 1 3 3 12 15 20 12 4 20 4 2 2 4 2 4 5 2 2 4 2 2 2 2 2 2 3 4 4 4
390 1 1 4 1 20 20 25 25 15 25 5 2 2 4 5 4 4 1 2 4 2 3 2 3 5 4 2 2 3 5
391 1 1 5 2 12 9 9 12 9 9 4 2 3 3 4 2 3 3 3 2 3 2 2 3 4 4 2 3 3 3
392 2 2 2 3 12 20 12 6 1 20 4 2 3 4 2 4 5 1 3 3 1 3 2 2 4 4 4 2 4 5
393 1 1 2 2 10 25 25 12 6 8 4 1 1 5 5 5 1 1 2 2 5 1 1 4 1 4 2 5 2 1
394 1 1 5 2 3 8 6 16 6 2 4 2 4 4 4 2 4 5 2 4 2 2 2 2 2 4 2 2 3 2
395 1 1 5 2 12 9 6 3 12 12 2 2 2 3 4 2 4 2 4 4 2 2 2 4 3 2 2 2 2 5
396 2 1 3 3 9 25 12 25 12 20 5 2 3 4 4 3 4 1 3 3 3 3 2 1 4 2 3 2 3 4
397 2 1 5 1 20 16 9 20 25 15 5 2 2 4 2 4 4 2 2 4 2 2 2 2 4 2 4 2 4 4
398 2 2 2 1 12 15 12 15 16 20 4 2 2 2 5 3 4 1 3 5 2 2 2 1 5 4 3 2 3 4
399 1 2 2 2 20 16 12 20 12 15 4 2 4 5 5 2 3 2 3 4 3 1 1 3 2 4 2 2 3 3
400 1 1 3 2 9 20 25 4 3 16 3 2 1 4 5 4 5 1 4 4 1 2 2 1 4 3 2 3 3 5
401 1 1 5 1 16 16 16 16 16 16 4 2 3 4 4 4 4 2 4 4 2 2 2 2 2 4 4 3 3 4
402 1 1 5 1 16 16 16 16 16 16 4 2 3 4 4 4 4 2 4 4 2 2 2 2 2 4 4 3 3 4
403 1 2 2 3 12 8 9 16 16 20 3 2 2 2 4 2 1 1 3 4 3 2 1 3 4 4 1 2 2 3
404 1 2 2 1 12 25 16 16 16 15 5 1 1 3 5 2 4 1 3 5 2 2 1 4 5 4 2 2 2 4
405 1 1 6 2 6 6 9 25 25 25 2 1 2 4 4 4 5 1 4 4 1 2 1 2 2 4 4 5 4 4
406 1 1 5 1 6 10 12 5 25 20 2 3 4 2 3 2 3 3 2 4 3 2 2 3 2 2 2 3 2 3
407 2 1 4 1 20 12 12 25 25 25 5 1 1 5 5 1 5 2 1 5 2 2 3 2 3 2 2 3 2 4
408 1 1 3 1 12 9 12 6 16 9 4 2 2 4 5 4 4 1 3 4 2 2 2 2 3 3 4 3 4 5
409 2 1 2 1 25 20 16 16 16 20 5 2 2 5 4 3 4 1 4 4 1 2 2 1 4 4 3 2 3 4
410 2 2 2 1 25 20 25 3 25 25 4 1 5 3 5 3 5 1 1 5 1 2 2 1 5 4 3 1 3 5
411 2 2 5 1 25 20 10 12 12 15 5 2 2 4 4 2 4 2 2 4 2 2 2 2 4 4 3 2 2 4
412 1 1 4 1 25 20 6 25 9 25 2 2 2 4 2 2 4 2 3 3 2 4 2 3 2 4 3 2 3 4
413 2 2 6 1 12 16 12 6 10 12 4 2 2 4 4 3 3 2 3 4 2 2 2 3 4 4 3 2 3 4
414 1 2 2 1 12 20 25 8 16 12 3 2 3 3 4 4 3 1 3 4 3 2 2 3 2 3 2 2 2 3
415 1 2 2 2 6 10 9 8 15 12 4 4 2 2 2 4 4 2 1 4 2 2 2 2 2 4 4 3 4 4
416 1 1 4 2 20 15 8 20 16 20 4 2 2 3 4 3 4 2 2 4 2 2 2 2 2 3 3 4 3 2
